##############################################################################
# Class:   FairBaseParSet
# Context: DefaultContext
##############################################################################
[FairBaseParSet]
//----------------------------------------------------------------------------
Beam Momentum Gev/c:  Double_t  15
Random Seed:  UInt_t  4
##############################################################################
##############################################################################
# Class:   FairGeoParSet
# Context: DefaultContext
##############################################################################
[FairGeoParSet]
//----------------------------------------------------------------------------
##############################################################################
##############################################################################
# Class:   califaMappingPar
# Context: CalifaMappingContext
##############################################################################
[califaMappingPar]
//----------------------------------------------------------------------------
califaHalfPar:   Int_t \
1 1 1 1 1 1 1 1 1 1 1 1 1 1 1 1 \
1 1 1 1 1 1 1 1 1 1 1 1 1 1 1 1 \
1 1 1 1 1 1 1 1 1 1 1 1 1 1 1 1 \
1 1 1 1 1 1 1 1 1 1 1 1 1 1 1 1 \
1 1 1 1 1 1 1 1 1 1 1 1 1 1 1 1 \
1 1 1 1 1 1 1 1 1 1 1 1 1 1 1 1 \
1 1 1 1 1 1 1 1 1 1 1 1 1 1 1 1 \
1 1 1 1 1 1 1 1 1 1 1 1 1 1 1 1 \
1 1 1 1 1 1 1 1 1 1 1 1 1 1 1 1 \
1 1 1 1 1 1 1 1 1 1 1 1 1 1 1 1 \
1 1 1 1 1 1 1 1 1 1 1 1 1 1 1 1 \
1 1 1 1 1 1 1 1 1 1 1 1 1 1 1 1 \
1 1 1 1 1 1 1 1 1 1 1 1 1 1 1 1 \
1 1 1 1 1 1 1 1 1 1 1 1 1 1 1 1 \
1 1 1 1 1 1 1 1 1 1 1 1 1 1 1 1 \
1 1 1 1 1 1 1 1 1 1 1 1 1 1 1 1 \
1 1 1 1 1 1 1 1 1 1 1 1 1 1 1 1 \
1 1 1 1 1 1 1 1 1 1 1 1 1 1 1 1 \
1 1 1 1 1 1 1 1 1 1 1 1 1 1 1 1 \
1 1 1 1 1 1 1 1 1 1 1 1 1 1 1 1 \
1 1 1 1 1 1 1 1 1 1 1 1 1 1 1 1 \
1 1 1 1 1 1 1 1 1 1 1 1 1 1 1 1 \
1 1 1 1 1 1 1 1 1 1 1 1 1 1 1 1 \
1 1 1 1 1 1 1 1 1 1 1 1 1 1 1 1
califaRingPar:   Int_t \
1 1 1 1 1 1 1 1 1 1 1 1 1 1 1 1 \
1 1 1 1 1 1 1 1 1 1 1 1 1 1 1 1 \
1 1 1 1 1 1 1 1 1 1 1 1 1 1 1 1 \
1 1 1 1 1 1 1 1 1 1 1 1 1 1 1 1 \
1 1 1 1 1 1 1 1 1 1 1 1 1 1 1 1 \
1 1 1 1 1 1 1 1 1 1 1 1 1 1 1 1 \
1 1 1 1 1 1 1 1 1 1 1 1 1 1 1 1 \
1 1 1 1 1 1 1 1 1 1 1 1 1 1 1 1 \
1 1 1 1 1 1 1 1 1 1 1 1 1 1 1 1 \
1 1 1 1 1 1 1 1 1 1 1 1 1 1 1 1 \
1 1 1 1 1 1 1 1 1 1 1 1 1 1 1 1 \
1 1 1 1 1 1 1 1 1 1 1 1 1 1 1 1 \
1 1 1 1 1 1 1 1 1 1 1 1 1 1 1 1 \
1 1 1 1 1 1 1 1 1 1 1 1 1 1 1 1 \
1 1 1 1 1 1 1 1 1 1 1 1 1 1 1 1 \
1 1 1 1 1 1 1 1 1 1 1 1 1 1 1 1 \
1 1 1 1 1 1 1 1 1 1 1 1 1 1 1 1 \
1 1 1 1 1 1 1 1 1 1 1 1 1 1 1 1 \
1 1 1 1 1 1 1 1 1 1 1 1 1 1 1 1 \
1 1 1 1 1 1 1 1 1 1 1 1 1 1 1 1 \
1 1 1 1 1 1 1 1 1 1 1 1 1 1 1 1 \
1 1 1 1 1 1 1 1 1 1 1 1 1 1 1 1 \
1 1 1 1 1 1 1 1 1 1 1 1 1 1 1 1 \
1 1 1 1 1 1 1 1 1 1 1 1 1 1 1 1
califaPreampPar:   Int_t \
1 1 1 1 1 1 1 1 1 1 1 1 1 1 1 1 \
1 1 1 1 1 1 1 1 1 1 1 1 1 1 1 1 \
1 1 1 1 1 1 1 1 1 1 1 1 1 1 1 1 \
1 1 1 1 1 1 1 1 1 1 1 1 1 1 1 1 \
1 1 1 1 1 1 1 1 1 1 1 1 1 1 1 1 \
1 1 1 1 1 1 1 1 1 1 1 1 1 1 1 1 \
1 1 1 1 1 1 1 1 1 1 1 1 1 1 1 1 \
1 1 1 1 1 1 1 1 1 1 1 1 1 1 1 1 \
1 1 1 1 1 1 1 1 1 1 1 1 1 1 1 1 \
1 1 1 1 1 1 1 1 1 1 1 1 1 1 1 1 \
1 1 1 1 1 1 1 1 1 1 1 1 1 1 1 1 \
1 1 1 1 1 1 1 1 1 1 1 1 1 1 1 1 \
1 1 1 1 1 1 1 1 1 1 1 1 1 1 1 1 \
1 1 1 1 1 1 1 1 1 1 1 1 1 1 1 1 \
1 1 1 1 1 1 1 1 1 1 1 1 1 1 1 1 \
1 1 1 1 1 1 1 1 1 1 1 1 1 1 1 1 \
1 1 1 1 1 1 1 1 1 1 1 1 1 1 1 1 \
1 1 1 1 1 1 1 1 1 1 1 1 1 1 1 1 \
1 1 1 1 1 1 1 1 1 1 1 1 1 1 1 1 \
1 1 1 1 1 1 1 1 1 1 1 1 1 1 1 1 \
1 1 1 1 1 1 1 1 1 1 1 1 1 1 1 1 \
1 1 1 1 1 1 1 1 1 1 1 1 1 1 1 1 \
1 1 1 1 1 1 1 1 1 1 1 1 1 1 1 1 \
1 1 1 1 1 1 1 1 1 1 1 1 1 1 1 1
califaChannelPar:   Int_t \
100 100 100 100 100 100 100 100 100 100 100 100 100 100 100 100 \
100 100 100 100 100 100 100 100 100 100 100 100 100 100 100 100 \
100 100 100 100 100 100 100 100 100 100 100 100 100 100 100 100 \
100 100 100 100 100 100 100 100 100 100 100 100 100 100 100 100 \
100 100 100 100 100 100 100 100 100 100 100 100 100 100 100 100 \
100 100 100 100 100 100 100 100 100 100 100 100 100 100 100 100 \
100 100 100 100 100 100 100 100 100 100 100 100 100 100 100 100 \
100 100 100 100 100 100 100 100 100 100 100 100 100 100 100 100 \
100 100 100 100 100 100 100 100 100 100 100 100 100 100 100 100 \
100 100 100 100 100 100 100 100 100 100 100 100 100 100 100 100 \
100 100 100 100 100 100 100 100 100 100 100 100 100 100 100 100 \
100 100 100 100 100 100 100 100 100 100 100 100 100 100 100 100 \
100 100 100 100 100 100 100 100 100 100 100 100 100 100 100 100 \
100 100 100 100 100 100 100 100 100 100 100 100 100 100 100 100 \
100 100 100 100 100 100 100 100 100 100 100 100 100 100 100 100 \
100 100 100 100 100 100 100 100 100 100 100 100 100 100 100 100 \
100 100 100 100 100 100 100 100 100 100 100 100 100 100 100 100 \
100 100 100 100 100 100 100 100 100 100 100 100 100 100 100 100 \
100 100 100 100 100 100 100 100 100 100 100 100 100 100 100 100 \
100 100 100 100 100 100 100 100 100 100 100 100 100 100 100 100 \
100 100 100 4 3 2 1 100 100 100 100 100 100 100 100 100 \
100 100 100 14 13 12 11 100 100 100 100 100 100 100 100 100 \
100 100 100 8 7 6 5 100 100 100 100 100 100 100 100 100 \
100 100 100 18 17 16 15 100 100 100 100 100 100 100 100 100
califaCrystalTypePar:   Int_t \
1 1 1 1 1 1 1 1 1 1 1 1 1 1 1 1 \
1 1 1 1 1 1 1 1 1 1 1 1 1 1 1 1 \
1 1 1 1 1 1 1 1 1 1 1 1 1 1 1 1 \
1 1 1 1 1 1 1 1 1 1 1 1 1 1 1 1 \
1 1 1 1 1 1 1 1 1 1 1 1 1 1 1 1 \
1 1 1 1 1 1 1 1 1 1 1 1 1 1 1 1 \
1 1 1 1 1 1 1 1 1 1 1 1 1 1 1 1 \
1 1 1 1 1 1 1 1 1 1 1 1 1 1 1 1 \
1 1 1 1 1 1 1 1 1 1 1 1 1 1 1 1 \
1 1 1 1 1 1 1 1 1 1 1 1 1 1 1 1 \
1 1 1 1 1 1 1 1 1 1 1 1 1 1 1 1 \
1 1 1 1 1 1 1 1 1 1 1 1 1 1 1 1 \
1 1 1 1 1 1 1 1 1 1 1 1 1 1 1 1 \
1 1 1 1 1 1 1 1 1 1 1 1 1 1 1 1 \
1 1 1 1 1 1 1 1 1 1 1 1 1 1 1 1 \
1 1 1 1 1 1 1 1 1 1 1 1 1 1 1 1 \
1 1 1 1 1 1 1 1 1 1 1 1 1 1 1 1 \
1 1 1 1 1 1 1 1 1 1 1 1 1 1 1 1 \
1 1 1 1 1 1 1 1 1 1 1 1 1 1 1 1 \
1 1 1 1 1 1 1 1 1 1 1 1 1 1 1 1 \
1 1 1 1 1 1 1 1 1 1 1 1 1 1 1 1 \
1 1 1 1 1 1 1 1 1 1 1 1 1 1 1 1 \
1 1 1 1 1 1 1 1 1 1 1 1 1 1 1 1 \
1 1 1 1 1 1 1 1 1 1 1 1 1 1 1 1
califaApdNumberPar:   Int_t \
1 1 1 1 1 1 1 1 1 1 1 1 1 1 1 1 \
1 1 1 1 1 1 1 1 1 1 1 1 1 1 1 1 \
1 1 1 1 1 1 1 1 1 1 1 1 1 1 1 1 \
1 1 1 1 1 1 1 1 1 1 1 1 1 1 1 1 \
1 1 1 1 1 1 1 1 1 1 1 1 1 1 1 1 \
1 1 1 1 1 1 1 1 1 1 1 1 1 1 1 1 \
1 1 1 1 1 1 1 1 1 1 1 1 1 1 1 1 \
1 1 1 1 1 1 1 1 1 1 1 1 1 1 1 1 \
1 1 1 1 1 1 1 1 1 1 1 1 1 1 1 1 \
1 1 1 1 1 1 1 1 1 1 1 1 1 1 1 1 \
1 1 1 1 1 1 1 1 1 1 1 1 1 1 1 1 \
1 1 1 1 1 1 1 1 1 1 1 1 1 1 1 1 \
1 1 1 1 1 1 1 1 1 1 1 1 1 1 1 1 \
1 1 1 1 1 1 1 1 1 1 1 1 1 1 1 1 \
1 1 1 1 1 1 1 1 1 1 1 1 1 1 1 1 \
1 1 1 1 1 1 1 1 1 1 1 1 1 1 1 1 \
1 1 1 1 1 1 1 1 1 1 1 1 1 1 1 1 \
1 1 1 1 1 1 1 1 1 1 1 1 1 1 1 1 \
1 1 1 1 1 1 1 1 1 1 1 1 1 1 1 1 \
1 1 1 1 1 1 1 1 1 1 1 1 1 1 1 1 \
1 1 1 1 1 1 1 1 1 1 1 1 1 1 1 1 \
1 1 1 1 1 1 1 1 1 1 1 1 1 1 1 1 \
1 1 1 1 1 1 1 1 1 1 1 1 1 1 1 1 \
1 1 1 1 1 1 1 1 1 1 1 1 1 1 1 1
califaVoltagePar:   Float_t \
1 1 1 1 1 1 1 1 1 1 1 1 1 1 1 1 \
1 1 1 1 1 1 1 1 1 1 1 1 1 1 1 1 \
1 1 1 1 1 1 1 1 1 1 1 1 1 1 1 1 \
1 1 1 1 1 1 1 1 1 1 1 1 1 1 1 1 \
1 1 1 1 1 1 1 1 1 1 1 1 1 1 1 1 \
1 1 1 1 1 1 1 1 1 1 1 1 1 1 1 1 \
1 1 1 1 1 1 1 1 1 1 1 1 1 1 1 1 \
1 1 1 1 1 1 1 1 1 1 1 1 1 1 1 1 \
1 1 1 1 1 1 1 1 1 1 1 1 1 1 1 1 \
1 1 1 1 1 1 1 1 1 1 1 1 1 1 1 1 \
1 1 1 1 1 1 1 1 1 1 1 1 1 1 1 1 \
1 1 1 1 1 1 1 1 1 1 1 1 1 1 1 1 \
1 1 1 1 1 1 1 1 1 1 1 1 1 1 1 1 \
1 1 1 1 1 1 1 1 1 1 1 1 1 1 1 1 \
1 1 1 1 1 1 1 1 1 1 1 1 1 1 1 1 \
1 1 1 1 1 1 1 1 1 1 1 1 1 1 1 1 \
1 1 1 1 1 1 1 1 1 1 1 1 1 1 1 1 \
1 1 1 1 1 1 1 1 1 1 1 1 1 1 1 1 \
1 1 1 1 1 1 1 1 1 1 1 1 1 1 1 1 \
1 1 1 1 1 1 1 1 1 1 1 1 1 1 1 1 \
1 1 1 1 1 1 1 1 1 1 1 1 1 1 1 1 \
1 1 1 1 1 1 1 1 1 1 1 1 1 1 1 1 \
1 1 1 1 1 1 1 1 1 1 1 1 1 1 1 1 \
1 1 1 1 1 1 1 1 1 1 1 1 1 1 1 1
califaFebexSlotPar:   Int_t \
1 1 1 1 1 1 1 1 1 1 1 1 1 1 1 1 \
1 1 1 1 1 1 1 1 1 1 1 1 1 1 1 1 \
1 1 1 1 1 1 1 1 1 1 1 1 1 1 1 1 \
1 1 1 1 1 1 1 1 1 1 1 1 1 1 1 1 \
1 1 1 1 1 1 1 1 1 1 1 1 1 1 1 1 \
1 1 1 1 1 1 1 1 1 1 1 1 1 1 1 1 \
1 1 1 1 1 1 1 1 1 1 1 1 1 1 1 1 \
1 1 1 1 1 1 1 1 1 1 1 1 1 1 1 1 \
1 1 1 1 1 1 1 1 1 1 1 1 1 1 1 1 \
1 1 1 1 1 1 1 1 1 1 1 1 1 1 1 1 \
1 1 1 1 1 1 1 1 1 1 1 1 1 1 1 1 \
1 1 1 1 1 1 1 1 1 1 1 1 1 1 1 1 \
1 1 1 1 1 1 1 1 1 1 1 1 1 1 1 1 \
1 1 1 1 1 1 1 1 1 1 1 1 1 1 1 1 \
1 1 1 1 1 1 1 1 1 1 1 1 1 1 1 1 \
1 1 1 1 1 1 1 1 1 1 1 1 1 1 1 1 \
1 1 1 1 1 1 1 1 1 1 1 1 1 1 1 1 \
1 1 1 1 1 1 1 1 1 1 1 1 1 1 1 1 \
1 1 1 1 1 1 1 1 1 1 1 1 1 1 1 1 \
1 1 1 1 1 1 1 1 1 1 1 1 1 1 1 1 \
1 1 1 1 1 1 1 1 1 1 1 1 1 1 1 1 \
1 1 1 1 1 1 1 1 1 1 1 1 1 1 1 1 \
1 1 1 1 1 1 1 1 1 1 1 1 1 1 1 1 \
1 1 1 1 1 1 1 1 1 1 1 1 1 1 1 1
califaFebexModPar:   Int_t \
100 100 100 100 100 100 100 100 100 100 100 100 100 100 100 100 \
100 100 100 100 100 100 100 100 100 100 100 100 100 100 100 100 \
100 100 100 100 100 100 100 100 100 100 100 100 100 100 100 100 \
100 100 100 100 100 100 100 100 100 100 100 100 100 100 100 100 \
100 100 100 100 100 100 100 100 100 100 100 100 100 100 100 100 \
100 100 100 100 100 100 100 100 100 100 100 100 100 100 100 100 \
100 100 100 100 100 100 100 100 100 100 100 100 100 100 100 100 \
100 100 100 100 100 100 100 100 100 100 100 100 100 100 100 100 \
100 100 100 100 100 100 100 100 100 100 100 100 100 100 100 100 \
100 100 100 100 100 100 100 100 100 100 100 100 100 100 100 100 \
100 100 100 100 100 100 100 100 100 100 100 100 100 100 100 100 \
100 100 100 100 100 100 100 100 100 100 100 100 100 100 100 100 \
100 100 100 100 100 100 100 100 100 100 100 100 100 100 100 100 \
100 100 100 100 100 100 100 100 100 100 100 100 100 100 100 100 \
100 100 100 100 100 100 100 100 100 100 100 100 100 100 100 100 \
100 100 100 100 100 100 100 100 100 100 100 100 100 100 100 100 \
100 100 100 100 100 100 100 100 100 100 100 100 100 100 100 100 \
100 100 100 100 100 100 100 100 100 100 100 100 100 100 100 100 \
100 100 100 100 100 100 100 100 100 100 100 100 100 100 100 100 \
100 100 100 100 100 100 100 100 100 100 100 100 100 100 100 100 \
0 0 0 0 0 0 0 0 0 0 0 0 0 0 0 0 \
1 1 1 1 1 1 1 1 1 1 1 1 1 1 1 1 \
2 2 2 2 2 2 2 2 2 2 2 2 2 2 2 2 \
3 3 3 3 3 3 3 3 3 3 3 3 3 3 3 3
califaFebexChannelPar:   Int_t \
100 100 100 100 100 100 100 100 100 100 100 100 100 100 100 100 \
100 100 100 100 100 100 100 100 100 100 100 100 100 100 100 100 \
100 100 100 100 100 100 100 100 100 100 100 100 100 100 100 100 \
100 100 100 100 100 100 100 100 100 100 100 100 100 100 100 100 \
100 100 100 100 100 100 100 100 100 100 100 100 100 100 100 100 \
100 100 100 100 100 100 100 100 100 100 100 100 100 100 100 100 \
100 100 100 100 100 100 100 100 100 100 100 100 100 100 100 100 \
100 100 100 100 100 100 100 100 100 100 100 100 100 100 100 100 \
100 100 100 100 100 100 100 100 100 100 100 100 100 100 100 100 \
100 100 100 100 100 100 100 100 100 100 100 100 100 100 100 100 \
100 100 100 100 100 100 100 100 100 100 100 100 100 100 100 100 \
100 100 100 100 100 100 100 100 100 100 100 100 100 100 100 100 \
100 100 100 100 100 100 100 100 100 100 100 100 100 100 100 100 \
100 100 100 100 100 100 100 100 100 100 100 100 100 100 100 100 \
100 100 100 100 100 100 100 100 100 100 100 100 100 100 100 100 \
100 100 100 100 100 100 100 100 100 100 100 100 100 100 100 100 \
100 100 100 100 100 100 100 100 100 100 100 100 100 100 100 100 \
100 100 100 100 100 100 100 100 100 100 100 100 100 100 100 100 \
100 100 100 100 100 100 100 100 100 100 100 100 100 100 100 100 \
100 100 100 100 100 100 100 100 100 100 100 100 100 100 100 100 \
0 1 2 3 4 5 6 7 8 9 10 11 12 13 14 15 \
0 1 2 3 4 5 6 7 8 9 10 11 12 13 14 15 \
0 1 2 3 4 5 6 7 8 9 10 11 12 13 14 15 \
0 1 2 3 4 5 6 7 8 9 10 11 12 13 14 15
califaLabPar:   Int_t \
1 1 1 1 1 1 1 1 1 1 1 1 1 1 1 1 \
1 1 1 1 1 1 1 1 1 1 1 1 1 1 1 1 \
1 1 1 1 1 1 1 1 1 1 1 1 1 1 1 1 \
1 1 1 1 1 1 1 1 1 1 1 1 1 1 1 1 \
1 1 1 1 1 1 1 1 1 1 1 1 1 1 1 1 \
1 1 1 1 1 1 1 1 1 1 1 1 1 1 1 1 \
1 1 1 1 1 1 1 1 1 1 1 1 1 1 1 1 \
1 1 1 1 1 1 1 1 1 1 1 1 1 1 1 1 \
1 1 1 1 1 1 1 1 1 1 1 1 1 1 1 1 \
1 1 1 1 1 1 1 1 1 1 1 1 1 1 1 1 \
1 1 1 1 1 1 1 1 1 1 1 1 1 1 1 1 \
1 1 1 1 1 1 1 1 1 1 1 1 1 1 1 1 \
1 1 1 1 1 1 1 1 1 1 1 1 1 1 1 1 \
1 1 1 1 1 1 1 1 1 1 1 1 1 1 1 1 \
1 1 1 1 1 1 1 1 1 1 1 1 1 1 1 1 \
1 1 1 1 1 1 1 1 1 1 1 1 1 1 1 1 \
1 1 1 1 1 1 1 1 1 1 1 1 1 1 1 1 \
1 1 1 1 1 1 1 1 1 1 1 1 1 1 1 1 \
1 1 1 1 1 1 1 1 1 1 1 1 1 1 1 1 \
1 1 1 1 1 1 1 1 1 1 1 1 1 1 1 1 \
1 1 1 1 1 1 1 1 1 1 1 1 1 1 1 1 \
1 1 1 1 1 1 1 1 1 1 1 1 1 1 1 1 \
1 1 1 1 1 1 1 1 1 1 1 1 1 1 1 1 \
1 1 1 1 1 1 1 1 1 1 1 1 1 1 1 1
califaMrccModulesPar:   Int_t \
1 1 1 1 1 1 1 1 1 1 1 1 1 1 1 1 \
1 1 1 1 1 1 1 1 1 1 1 1 1 1 1 1 \
1 1 1 1 1 1 1 1 1 1 1 1 1 1 1 1 \
1 1 1 1 1 1 1 1 1 1 1 1 1 1 1 1 \
1 1 1 1 1 1 1 1 1 1 1 1 1 1 1 1 \
1 1 1 1 1 1 1 1 1 1 1 1 1 1 1 1 \
1 1 1 1 1 1 1 1 1 1 1 1 1 1 1 1 \
1 1 1 1 1 1 1 1 1 1 1 1 1 1 1 1 \
1 1 1 1 1 1 1 1 1 1 1 1 1 1 1 1 \
1 1 1 1 1 1 1 1 1 1 1 1 1 1 1 1 \
1 1 1 1 1 1 1 1 1 1 1 1 1 1 1 1 \
1 1 1 1 1 1 1 1 1 1 1 1 1 1 1 1 \
1 1 1 1 1 1 1 1 1 1 1 1 1 1 1 1 \
1 1 1 1 1 1 1 1 1 1 1 1 1 1 1 1 \
1 1 1 1 1 1 1 1 1 1 1 1 1 1 1 1 \
1 1 1 1 1 1 1 1 1 1 1 1 1 1 1 1 \
1 1 1 1 1 1 1 1 1 1 1 1 1 1 1 1 \
1 1 1 1 1 1 1 1 1 1 1 1 1 1 1 1 \
1 1 1 1 1 1 1 1 1 1 1 1 1 1 1 1 \
1 1 1 1 1 1 1 1 1 1 1 1 1 1 1 1 \
1 1 1 1 1 1 1 1 1 1 1 1 1 1 1 1 \
1 1 1 1 1 1 1 1 1 1 1 1 1 1 1 1 \
1 1 1 1 1 1 1 1 1 1 1 1 1 1 1 1 \
1 1 1 1 1 1 1 1 1 1 1 1 1 1 1 1
califaMrccBusPar:   Int_t \
1 1 1 1 1 1 1 1 1 1 1 1 1 1 1 1 \
1 1 1 1 1 1 1 1 1 1 1 1 1 1 1 1 \
1 1 1 1 1 1 1 1 1 1 1 1 1 1 1 1 \
1 1 1 1 1 1 1 1 1 1 1 1 1 1 1 1 \
1 1 1 1 1 1 1 1 1 1 1 1 1 1 1 1 \
1 1 1 1 1 1 1 1 1 1 1 1 1 1 1 1 \
1 1 1 1 1 1 1 1 1 1 1 1 1 1 1 1 \
1 1 1 1 1 1 1 1 1 1 1 1 1 1 1 1 \
1 1 1 1 1 1 1 1 1 1 1 1 1 1 1 1 \
1 1 1 1 1 1 1 1 1 1 1 1 1 1 1 1 \
1 1 1 1 1 1 1 1 1 1 1 1 1 1 1 1 \
1 1 1 1 1 1 1 1 1 1 1 1 1 1 1 1 \
1 1 1 1 1 1 1 1 1 1 1 1 1 1 1 1 \
1 1 1 1 1 1 1 1 1 1 1 1 1 1 1 1 \
1 1 1 1 1 1 1 1 1 1 1 1 1 1 1 1 \
1 1 1 1 1 1 1 1 1 1 1 1 1 1 1 1 \
1 1 1 1 1 1 1 1 1 1 1 1 1 1 1 1 \
1 1 1 1 1 1 1 1 1 1 1 1 1 1 1 1 \
1 1 1 1 1 1 1 1 1 1 1 1 1 1 1 1 \
1 1 1 1 1 1 1 1 1 1 1 1 1 1 1 1 \
1 1 1 1 1 1 1 1 1 1 1 1 1 1 1 1 \
1 1 1 1 1 1 1 1 1 1 1 1 1 1 1 1 \
1 1 1 1 1 1 1 1 1 1 1 1 1 1 1 1 \
1 1 1 1 1 1 1 1 1 1 1 1 1 1 1 1
califaMrccPreampPar:   Int_t \
1 1 1 1 1 1 1 1 1 1 1 1 1 1 1 1 \
1 1 1 1 1 1 1 1 1 1 1 1 1 1 1 1 \
1 1 1 1 1 1 1 1 1 1 1 1 1 1 1 1 \
1 1 1 1 1 1 1 1 1 1 1 1 1 1 1 1 \
1 1 1 1 1 1 1 1 1 1 1 1 1 1 1 1 \
1 1 1 1 1 1 1 1 1 1 1 1 1 1 1 1 \
1 1 1 1 1 1 1 1 1 1 1 1 1 1 1 1 \
1 1 1 1 1 1 1 1 1 1 1 1 1 1 1 1 \
1 1 1 1 1 1 1 1 1 1 1 1 1 1 1 1 \
1 1 1 1 1 1 1 1 1 1 1 1 1 1 1 1 \
1 1 1 1 1 1 1 1 1 1 1 1 1 1 1 1 \
1 1 1 1 1 1 1 1 1 1 1 1 1 1 1 1 \
1 1 1 1 1 1 1 1 1 1 1 1 1 1 1 1 \
1 1 1 1 1 1 1 1 1 1 1 1 1 1 1 1 \
1 1 1 1 1 1 1 1 1 1 1 1 1 1 1 1 \
1 1 1 1 1 1 1 1 1 1 1 1 1 1 1 1 \
1 1 1 1 1 1 1 1 1 1 1 1 1 1 1 1 \
1 1 1 1 1 1 1 1 1 1 1 1 1 1 1 1 \
1 1 1 1 1 1 1 1 1 1 1 1 1 1 1 1 \
1 1 1 1 1 1 1 1 1 1 1 1 1 1 1 1 \
1 1 1 1 1 1 1 1 1 1 1 1 1 1 1 1 \
1 1 1 1 1 1 1 1 1 1 1 1 1 1 1 1 \
1 1 1 1 1 1 1 1 1 1 1 1 1 1 1 1 \
1 1 1 1 1 1 1 1 1 1 1 1 1 1 1 1
califaInUsePar:   Int_t \
1 1 1 1 1 1 1 1 1 1 1 1 1 1 1 1 \
1 1 1 1 1 1 1 1 1 1 1 1 1 1 1 1 \
1 1 1 1 1 1 1 1 1 1 1 1 1 1 1 1 \
1 1 1 1 1 1 1 1 1 1 1 1 1 1 1 1 \
1 1 1 1 1 1 1 1 1 1 1 1 1 1 1 1 \
1 1 1 1 1 1 1 1 1 1 1 1 1 1 1 1 \
1 1 1 1 1 1 1 1 1 1 1 1 1 1 1 1 \
1 1 1 1 1 1 1 1 1 1 1 1 1 1 1 1 \
1 1 1 1 1 1 1 1 1 1 1 1 1 1 1 1 \
1 1 1 1 1 1 1 1 1 1 1 1 1 1 1 1 \
1 1 1 1 1 1 1 1 1 1 1 1 1 1 1 1 \
1 1 1 1 1 1 1 1 1 1 1 1 1 1 1 1 \
1 1 1 1 1 1 1 1 1 1 1 1 1 1 1 1 \
1 1 1 1 1 1 1 1 1 1 1 1 1 1 1 1 \
1 1 1 1 1 1 1 1 1 1 1 1 1 1 1 1 \
1 1 1 1 1 1 1 1 1 1 1 1 1 1 1 1 \
1 1 1 1 1 1 1 1 1 1 1 1 1 1 1 1 \
1 1 1 1 1 1 1 1 1 1 1 1 1 1 1 1 \
1 1 1 1 1 1 1 1 1 1 1 1 1 1 1 1 \
1 1 1 1 1 1 1 1 1 1 1 1 1 1 1 1 \
1 1 1 1 1 1 1 1 1 1 1 1 1 1 1 1 \
1 1 1 1 1 1 1 1 1 1 1 1 1 1 1 1 \
1 1 1 1 1 1 1 1 1 1 1 1 1 1 1 1 \
1 1 1 1 1 1 1 1 1 1 1 1 1 1 1 1
califaCrystalNumberPar:   Int_t 384
##############################################################################
##############################################################################
# Class:   califaCrystalCalPar
# Context: CalifaCalParContext
##############################################################################
[califaCrystalCalPar]
//----------------------------------------------------------------------------
califaCrystalCalPar:  Float_t \
0 0 0 0 0 0 0 0 0 0 0 0 0 0 0 0 \
0 0 0 0 0 0 0 0 0 0 0 0 0 0 0 0 \
0 0 0 0 0 0 0 0 0 0 0 0 0 0 0 0 \
0 0 0 0 0 0 0 0 0 0 0 0 0 0 0 0 \
0 0 0 0 0 0 0 0 0 0 0 0 0 0 0 0 \
0 0 0 0 0 0 0 0 0 0 0 0 0 0 0 0 \
0 0 0 0 0 0 0 0 0 0 0 0 0 0 0 0 \
0 0 0 0 0 0 0 0 0 0 0 0 0 0 0 0 \
0 0 0 0 0 0 0 0 0 0 0 0 0 0 0 0 \
0 0 0 0 0 0 0 0 0 0 0 0 0 0 0 0 \
0 0 0 0 0 0 0 0 0 0 0 0 0 0 0 0 \
0 0 0 0 0 0 0 0 0 0 0 0 0 0 0 0 \
0 0 0 0 0 0 0 0 0 0 0 0 0 0 0 0 \
0 0 0 0 0 0 0 0 0 0 0 0 0 0 0 0 \
0 0 0 0 0 0 0 0 0 0 0 0 0 0 0 0 \
0 0 0 0 0 0 0 0 0 0 0 0 0 0 0 0 \
0 0 0 0 0 0 0 0 0 0 0 0 0 0 0 0 \
0 0 0 0 0 0 0 0 0 0 0 0 0 0 0 0 \
0 0 0 0 0 0 0 0 0 0 0 0 0 0 0 0 \
0 0 0 0 0 0 0 0 0 0 0 0 0 0 0 0 \
0 0 0 0 0 0 0 0 0 0 0 0 0 0 0 0 \
0 0 0 0 0 0 0 0 0 0 0 0 0 0 0 0 \
0 0 0 0 0 0 0 0 0 0 0 0 0 0 0 0 \
0 0 0 0 0 0 0 0 0 0 0 0 0 0 0 0 \
0 0 0 0 0 0 0 0 0 0 0 0 0 0 0 0 \
0 0 0 0 0 0 0 0 0 0 0 0 0 0 0 0 \
0 0 0 0 0 0 0 0 0 0 0 0 0 0 0 0 \
0 0 0 0 0 0 0 0 0 0 0 0 0 0 0 0 \
0 0 0 0 0 0 0 0 0 0 0 0 0 0 0 0 \
0 0 0 0 0 0 0 0 0 0 0 0 0 0 0 0 \
0 0 0 0 0 0 0 0 0 0 0 0 0 0 0 0 \
0 0 0 0 0 0 0 0 0 0 0 0 0 0 0 0 \
0 0 0 0 0 0 0 0 0 0 0 0 0 0 0 0 \
0 0 0 0 0 0 0 0 0 0 0 0 0 0 0 0 \
0 0 0 0 0 0 0 0 0 0 0 0 0 0 0 0 \
0 0 0 0 0 0 0 0 0 0 0 0 0 0 0 0 \
0 0 0 0 0 0 0 0 0 0 0 0 0 0 0 0 \
0 0 0 0 0 0 0 0 0 0 0 0 0 0 0 0 \
0 0 0 0 0 0 0 0 0 0 0 0 0 0 0 0 \
0 0 0 0 0 0 0 0 0 0 0 0 0 0 0 0 \
0 0 0 0 0 0 -15.1587 9.2627 -19.6695 16.431 -34.1866 11.1189 8.52689 8.67269 0 0 \
0 0 0 0 0 0 0 0 0 0 0 0 0 0 0 0 \
0 0 0 0 0 0 -6.8676 0.886083 -13.9481 1.55601 -3.41116 1.04486 4.91364 0.835738 0 0  \
0 0 0 0 0 0 0 0 0 0 0 0 0 0 0 0 \
0 0 0 0 0 0 -6.0094 10.1407 -12.0985 16.4345 -5.64136 10.6805 -14.5431 9.09402 0 0 \
0 0 0 0 0 0 0 0 0 0 0 0 0 0 0 0 \
0 0 0 0 0 0 -11.233 0.970099 -9.89964 1.56328 -10.8037 1.02688 -16.8294 0.870159 0 0 \
0 0 0 0 0 0 0 0 0 0 0 0 0 0 0 0
califaCrystalNumberPar:  Int_t  384
califaCrystalParamsFitPar:  Int_t  2
##############################################################################
##############################################################################
# Class:   amsStripCalPar
# Context: AMSCalParContext
##############################################################################
[amsStripCalPar]
//----------------------------------------------------------------------------
amsStripCalPar:  Float_t \
0 0 0 \
0 0 0 \
0 0 0 \
0 0 0 \
0 0 0 \
0 0 0 \
0 0 0 \
0 0 0 \
0 0 0 \
0 0 0 \
0 0 0 \
0 0 0 \
0 0 0 \
0 0 0 \
0 0 0 \
0 0 0 \
0 0 0 \
0 0 0 \
0 0 0 \
0 0 0 \
0 0 0 \
0 0 0 \
0 0 0 \
0 0 0 \
0 0 0 \
0 0 0 \
0 0 0 \
0 0 0 \
0 0 0 \
0 0 0 \
0 0 0 \
0 0 0 \
0 0 0 \
0 0 0 \
0 0 0 \
0 0 0 \
0 0 0 \
0 0 0 \
0 0 0 \
0 0 0 \
0 0 0 \
0 0 0 \
0 0 0 \
0 0 0 \
0 0 0 \
0 0 0 \
0 0 0 \
0 0 0 \
0 0 0 \
0 0 0 \
0 0 0 \
0 0 0 \
0 0 0 \
0 0 0 \
0 0 0 \
0 0 0 \
0 0 0 \
0 0 0 \
0 0 0 \
0 0 0 \
0 0 0 \
0 0 0 \
0 0 0 \
0 0 0
amsDetNumberPar:  Int_t  1
amsStripNumberPar:  Int_t  64
amsStripSNumberPar:  Int_t  32
amsStripKNumberPar:  Int_t  32
amsStripParamsFitPar:  Int_t  3
##############################################################################
##############################################################################
# Class: amsMappingPar
# Context: AmsMappingContext
##############################################################################
[amsMappingPar]
//----------------------------------------------------------------------------
amsGeoPar: Int_t 202011
amsDetPar: Int_t 1
amsSamPar: Int_t 1
amsGtbPar: Int_t 0
amsSideremPar: Int_t 1
amsDistance2targetPar: Float_t 0.0
amsAngleThetaPar: Float_t 0.0
amsOffsetYPar: Float_t 0.0
